111 111 111 10 10 110 000 00 000 0 0000000    
111 111 111 01 10 110 000 00 000 0 0000000  
111 111 111 00 00 110 100 00 000 0 0000000  
100 111 100 00 01 001 000 00 000 0 0000000  
00 00 00 00 - - 111 00 001 0 0100010
101 101 101 10 10 110 000 00 000 0 0000000  
101 101 110 01 01 110 000 00 000 0 0000000  
110 110 110 00 00 110 011 00 000 0 0000000  
101 101 101 00 00 110 011 00 000 0 0000000  
101 101 100 00 00 110 000 00 000 0 0000000  
111 111 110 01 01 110 000 00 000 0 0000000  
000 001 010 10 10 000 000 00 000 0 0000000  
000 101 101 00 00 100 000 00 000 0 0000000  
000 101 000 00 00 001 000 00 000 0 0000000  
001 100 100 00 00 100 000 00 000 0 0000000  
001 100 001 00 00 001 000 00 000 0 0000000  
100 101 101 00 00 101 000 00 000 0 0000000  
110 001 100 00 00 010 000 00 000 0 0000000  
00 00 00 00 - - 111 00 001 0 0100001  
000 000 000 00 00 110 000 00 000 0 0000000  
000 000 010 00 00 110 000 00 000 0 0000000  
010 000 010 00 00 110 001 00 000 0 0000000  
011 000 011 00 00 110 100 00 000 0 0000000  
011 001 100 00 00 001 000 00 000 0 0000000  
00 00 00 00 - - 111 00 001 0 0011100  
100 000 011 00 00 110 000 00 000 0 0000000  
00 00 01 00 - - 111 00 000 0 0000000  
010 110 010 00 00 011 000 01 111 0 0011110  
00 00 10 00 - - 111 00 000 0 0000000  
010 111 010 00 00 100 000 01 000 0 0000000  
00 00 00 00 - - 111 00 100 1 0010101  
010 101 010 00 00 011 000 00 000 0 0000000  

01 00 00 00 - - 111 00 000 0 0000000
000 001 010 00 00 100 000 00 000 0 0000000  